3,627705913
3,221293068
1,832495428,Henry Panther
3,180975048
1,117072238,Maria Pray
3,103325973
3,179428854
3,574488427
1,698124204,William Collins
2,72564722
1,300699174,Natasha Boyd
2,683651369
2,683651369
2,221293068
3,952377010
1,481507869,Nelida Payne
1,56791709,Laura Castlen
2,264469596
3,147070228
2,20729340
3,263683838
3,246810060
3,933370388
3,367013873
2,552495581
3,263530446
3,591355975
2,412280473
3,799988288
2,846700347
3,313565092
3,636329228
3,319593458
3,517327315
1,159732288,Marion Luther
1,711041349,Kelly Perry
2,72526573
1,748181544,Ben Proper
1,345296353,Carol Trowery
3,185716625
2,367013873
2,337311035
1,749831951,Barry Mccain
1,807777018,Joshua Seaman
2,373639476
2,692834432
3,40543651
1,734274213,Doris Place
2,866629776
1,198476583,Evelyn Jones
1,239967344,Una Francois
3,87027867
1,155300693,Brett Bowles
3,311492829
3,650509795
2,612332284
1,185816535,William Stewart
3,221293068
2,842777423
3,621708310
1,505428744,Justin Hendrickson
2,757922460
2,545040965
1,52420667,Gary Fuller
1,454789357,Peter Ensminger
2,359291414
2,401829381
2,631500482
3,165351423
3,248626308
3,866629776
3,644419547
3,669611285
3,720683124
1,849716084,Mabel Caponigro
1,809733783,Deborah Hogan
1,554734758,John Vecker
3,655403762
3,732313975
2,128099674
2,435093227
1,978573119,Roger Bates
1,25426449,Andrea Hornsby
1,60659243,Anderson Laliberte
1,790590836,Candace King
3,627705913
2,311002298
1,575587392,Mary Langer
1,31976136,Chase Harris
3,331072949
3,89917526
2,64298526
3,843289045
2,367823677
3,940620447
2,904419184
3,776757926
3,416348950
2,570868196
3,458942072
